# nodR_0AK_normalVars
# 600GeV
combine: -0.025883/+0.0261831
hSbb: -0.034924/+0.0355302
hStt: -0.0391286/+0.0397417
ttbar: -1.99902/+2.01887
wjet: -2.52568/+2.59661 
Zll: -0.191115/+0.199911